((("unprint" .
   [0 0 0 1 0 0 0])
  ("command" .
   [0 0 0 0 1 0 0])
  ("oentries" .
   [0 0 0 0 0 0 1 0])
  ("timestamp" .
   [0 0 0 0 0 0 0 0 1])
  ("clock" .
   [1 0 0 1 0])
  ("uint8_t" .
   [0 0 0 1 0 0 1])
  ("tentries" .
   [0 0 0 0 1 0 0 0])
  ("OSTORAGES" .
   [0 0 1 2 0 0 0 0 0])
  ("byte" .
   [0 0 0 1])
  ("memset" .
   [1 0 0 0 1 0])
  ("olast" .
   [0 0 2 1 0])
  ("oscan" .
   [0 0 0 1 0])
  ("omaxc_t" .
   [0 0 0 0 0 1 0])
  ("uint" .
   [1 0 0 0])
  ("in" .
   [2 0])
  ("owrite" .
   [1 0 0 0 1 0])
  ("tlast" .
   [0 0 1 0 0])
  ("OMAXCHAR" .
   [0 0 6 1 0 0 0 0])
  ("i" .
   [1])
  ("oread" .
   [2 0 0 1 1])
  ("key" .
   [0 0 1])
  ("t" .
   [1])
  ("BUFFER" .
   [3 0 4 0 0 0])
  ("sec" .
   [1 0 0])
  ("rtocount" .
   [0 0 0 0 0 1 0 0])
  ("rledon" .
   [0 0 0 0 0 1])
  ("PORT" .
   [0 0 0 1])
  ("PORTC" .
   [1 0 0 0 0])
  ("hour" .
   [4 0 0 1])
  ("min" .
   [4 0 0])
  ("count" .
   [4 0 0 0 0])
  ("0x00" .
   [4 0 1 0])
  ("the" .
   [1 0 0])
  ("tmp" .
   [2 0 2])
  ("getPrice" .
   [0 0 1 0 0 0 0 1])
  ("add" .
   [2 0 0])
  ("products" .
   [2 0 0 1 1 0 0 0])
  ("Price" .
   [0 0 0 3 0])
  ("private" .
   [0 0 0 0 1 0 0])
  ("float" .
   [0 0 0 2 1])
  ("Product" .
   [2 0 0 8 1 1 1])
  ("table" .
   [1 0 1 0 1])
  ("ndate" .
   [0 0 0 1 0])
  ("date" .
   [1 0 0 0])
  ("npeople" .
   [0 0 0 1 0 0 1])
  ("people" .
   [0 0 0 1 1 2])
  ("Integer" .
   [0 0 0 1 2 0 0])
  ("static" .
   [0 0 0 1 2 0])
  ("Date" .
   [4 0 3 0])
  ("Paraggelia" .
   [0 0 1 1 1 0 0 0 0 0])
  ("public" .
   [0 0 0 7 2 1])
  ("println" .
   [0 0 0 0 1 1 1])
  ("out" .
   [3 0 2])
  ("System" .
   [1 0 0 0 2 1])
  ("filepath" .
   [1 0 0 0 0 0 1 0])
  ("File" .
   [1 0 0 0])
  ("String" .
   [5 0 1 4 1 1])
  ("length" .
   [0 0 0 1 0 0])
  ("args" .
   [1 0 2 0])
  ("auto-save-default" .
   [0 0 0 0 0 1 0 0 0 0 0 0 0 0 0 0 0])
  ("require" .
   [0 0 0 1 1 0 0])
  ("Auto" .
   [0 0 1 1])
  ("auto-complete" .
   [0 0 0 0 0 1 0 0 0 0 0 0 0])
  ("var_dump" .
   [0 0 1 0 4 1 0 0])
  ("$id" .
   [5 0 0])
  ("print_r" .
   [0 0 0 0 1 0 0])
  ("$score" .
   [3 0 0 2 1 0])
  ("$_GET" .
   [1 0 0 0 0])
  ("echo" .
   [0 0 2 0])
  ("$sql" .
   [4 0 0 2])
  ("execute" .
   [0 0 0 1 0 0 0])
  ("$_POST" .
   [3 0 0 1 0 0])
  ("isset" .
   [0 0 0 2 0])
  ("form" .
   [1 0 0 0])
  ("input" .
   [1 0 0 0 1])
  ("type" .
   [0 0 1 0])
  ("php" .
   [1 0 0])
  ("text" .
   [2 0 0 0])
  ("value" .
   [2 0 0 0 0])
  ("$db" .
   [3 0 0])
  ("fetch" .
   [2 0 0 0 0])
  ("lastInsertedId" .
   [0 0 0 1 0 0 0 0 0 0 0 0 0 0])
  ("head" .
   [1 0 0 0])
  ("label" .
   [0 0 0 1 0])
  ("Team" .
   [1 0 0 0])
  ("name" .
   [2 0 0 0])
  ("button" .
   [0 0 1 0 0 0])
  ("div" .
   [6 0 1])
  ("class" .
   [0 0 1 0 1])
  ("Counter" .
   [0 0 0 0 0 0 1])
  ("style" .
   [1 0 0 0 2])
  ("Flask" .
   [1 0 0 0 1])
  ("app" .
   [4 0 0])
  ("__name__" .
   [0 0 0 0 0 0 1 0])
  ("barcode" .
   [1 0 0 0 0 0 0])
  ("things" .
   [4 0 0 2 1 1])
  ("user" .
   [3 0 0 0])
  ("global" .
   [0 0 0 1 0 0])
  ("identity" .
   [0 0 0 0 2 0 0 0])
  ("def" .
   [0 0 2])
  ("before_request" .
   [0 0 0 1 0 0 0 0 0 0 0 0 0 0])
  ("DATABASE" .
   [0 0 0 1 0 0 0 0])
  ("connect" .
   [0 0 0 0 0 0 1])
  ("query" .
   [0 0 0 0 1])
  ("cur" .
   [1 0 1])
  ("row" .
   [1 0 0])
  ("return" .
   [0 0 0 1 3 2])
  ("one" .
   [1 0 1])
  ("query_db" .
   [0 0 0 0 0 0 1 0])
  ("code" .
   [0 0 1 0])
  ("product" .
   [0 0 0 1 0 0 4])
  ("else" .
   [0 0 1 0])
  ("make_response" .
   [0 0 0 1 0 0 0 0 0 0 0 0 0])
  ("debt" .
   [3 0 0 1])
  ("flask" .
   [1 0 0 0 0])
  ("render_template" .
   [0 0 0 0 1 0 0 0 0 0 0 0 0 0 0])
  ("getReceipt" .
   [0 0 0 0 0 2 0 0 0 0])
  ("ServiceProduct" .
   [0 0 0 0 1 0 0 0 0 0 0 0 0 0])
  ("barCode" .
   [0 0 0 0 0 0 1])
  ("java" .
   [1 0 0 0])
  ("util" .
   [1 0 0 0])
  ("List" .
   [0 0 1 0])
  ("getBarCode" .
   [0 0 0 0 0 1 0 0 0 0])
  ("toString" .
   [0 0 0 1 0 0 0 0])
  ("number" .
   [0 0 0 0 1 0])
  ("timeout" .
   [1 0 0 0 0 0 1])
  ("define" .
   [0 0 2 0 1 0])
  ("tocount" .
   [0 0 0 1 2 0 0])
  ("leds" .
   [1 0 0 0])
  ("DDRD" .
   [1 0 0 0])
  ("bloop" .
   [1 0 0 0 0])
  ("Disable" .
   [1 0 0 0 0 0 0])
  ("interrupt" .
   [0 0 0 0 0 0 0 0 1])
  ("BDDR" .
   [1 0 0 0])
  ("_BV" .
   [7 0 1])
  ("BUP" .
   [5 0 2])
  ("BDOWN" .
   [2 0 0 0 1])
  ("BPCMSK" .
   [0 0 0 0 1 0])
  ("BPCINT" .
   [0 0 0 0 0 1])
  ("BPCIE" .
   [1 0 0 0 0])
  ("settings" .
   [1 0 0 0 0 0 0 0])
  ("ISR" .
   [1 0 0])
  ("BPCINTU_vect" .
   [0 0 0 0 0 0 1 0 0 0 0 0])
  ("volatile" .
   [0 0 0 0 1 0 0 0])
  ("unsigned" .
   [0 0 0 0 1 0 0 0])
  ("bup_pressed" .
   [0 0 0 0 0 0 1 3 1 0 0])
  ("bup_count" .
   [0 0 0 0 0 0 1 1 1])
  ("F_CPU" .
   [0 0 1 0 0])
  ("BDEB" .
   [1 0 0 1])
  ("BPORT" .
   [0 0 0 3 0])
  ("RTC_LED" .
   [0 0 0 1 0 0 1])
  ("endif" .
   [0 0 0 0 1])
  ("BPIN" .
   [1 0 0 0])
  ("cli" .
   [1 0 0])
  ("sei" .
   [1 0 0])
  ("wordlist" .
   [1 0 0 0 0 0 0 0])
  ("list" .
   [3 0 2 1])
  ("buff" .
   [15 0 0 0])
  ("#buff" .
   [3 0 0 0 0])
  ("playlist" .
   [0 0 0 0 0 2 0 0])
  ("i++" .
   [1 0 0])
  ("title" .
   [2 0 0 0 0])
  ("menu" .
   [1 0 0 0])
  ("0xFF" .
   [2 0 0 0])
  ("uint16_t" .
   [0 0 0 0 0 1 0 0])))
